9963 1330 3857 3437 5690 2214 5649 3823 9626 3026
9666 9368 6438 1824 2409 7330 2706 4616 5633 6655
2726 9580 2969 1256 4382 6217 8808 4326 8878 6841
3094 4217 3252 9179 152 4681 3736 4779 4722 4331
1096 6289 798 3563 4154 6916 5179 9163 9112 2363
8034 7486 6629 5446 9894 867 3846 4860 5436 2889
2088 8711 4671 7340 8632 5776 6291 4954 8100 7312
7652 3078 5643 7998 9231 4621 9623 4950 2815 2919
4110 4019 9113 9624 8221 1676 3354 2907 6415 3224
1989 2378 1779 4518 2631 8858 950 8913 9332 5311
609 7826 3480 894 577 8841 7250 650 3968 9072
2541 9197 3111 6894 4314 8738 633 4497 7182 3702
475 8088 1102 1465 6992 6147 4704 2147 95 2055
597 6088 3263 5756 4193 6078 6660 1494 861 5229
4976 5247 8225 9496 9633 189 4584 1147 868 9133
7102 4040 3366 5276 1642 4332 3842 4063 6347 2612
9053 3848 1240 1138 7762 9395 8638 7762 2871 6504
4759 9702 1339 561 1691 5884 1713 4568 9410 8449
520 4313 6908 1905 4849 7440 962 3717 6933 2696
4007 2997 6719 4331 6817 545 5286 620 1516 6794
7465 4466 235 5953 491 2925 9392 4859 8424 9064
9774 4580 3489 9181 8595 8404 3372 4710 292 7917
2795 6795 593 3200 1759 3499 932 9272 1100 1632
987 1358 5951 678 446 897 352 1213 3706 194
1276 2923 8171 6317 1483 4229 8169 585 847 5136
9289 5720 6550 2617 3180 2477 2403 5793 5963 889
1823 2417 1833 9729 9216 192 9590 7001 6946 1195
1508 2062 7577 5385 7031 4103 2487 9581 6903 2611
4250 1677 7602 665 3744 9698 9166 8955 5025 7881
9089 2315 4082 3514 4298 4279 7749 6704 3846 761
5632 6402 504 8506 7822 2648 1680 6471 212 5090
6768 6571 219 5416 1753 9248 76 3127 4669 2221
3161 6245 4538 5724 4600 5820 6561 3340 8571 6340
5097 5913 9608 1178 8696 694 7427 4216 6789 8317
1564 8383 7158 2626 1409 9023 4279 257 7234 7759
6920 2140 6353 3292 4098 9384 843 6577 1772 2261
2252 1835 595 9606 9575 2910 4518 6724 7560 5132
7140 4886 2752 7824 4872 1884 6759 5461 4880 2751
8784 4753 1509 6766 2798 5584 4516 9423 1494 1453
1603 9463 2222 278 3210 8384 2897 6322 3235 8084
173 1378 9085 4886 1490 3558 7063 7894 8222 1603
4860 8132 102 7808 9281 6072 3415 1517 737 8652
1295 3124 8773 4808 7356 9114 8339 4381 9511 1471
639 9087 3220 424 6504 6271 197 3942 8740 3933
7203 6836 4232 6811 1569 2572 7083 8450 4085 5436
4003 7573 6141 7944 5269 3573 6416 5132 4508 4669
237 5471 5167 5014 3529 1743 6118 9323 3670 4490
9168 2780 2927 1819 1532 5716 1719 8450 661 7108
7795 3847 5686 7870 955 5623 1853 1126 6452 3930
5020 8091 4403 990 5885 569 7848 6349 5276 8120
8303 7632 1162 1912 4405 4809 9281 7073 5288 8445
6085 8720 586 7092 1414 1793 3589 3831 1658 2993
4479 9275 8218 6252 742 3332 7769 5493 3632 1888
434 7369 3814 4511 7646 5638 2837 8681 763 7478
4779 9059 9396 6759 764 1993 230 4902 4475 865
6155 2608 2854 1864 7637 5192 248 6857 4977 5257
5689 2207 3949 1129 8964 6404 5853 496 5620 3710
274 5465 7202 389 6352 4088 2662 2516 1482 8427
8644 6085 8131 1553 7450 6212 8309 2738 3094 35
414 810 8157 364 7129 6314 8098 3578 8501 2841
4424 3860 4002 4937 6910 2671 5059 3726 4117 152
5341 1436 5347 8883 3050 2162 6719 2399 8119 8658
6130 1139 8704 6687 2588 6512 6150 6822 8085 8505
3148 2841 7939 7262 4927 7136 5024 8779 6313 8741
1951 9280 2054 158 6681 1712 7134 5118 648 2594
7743 8611 3312 2537 572 1075 8796 6416 2136 717
2538 6180 2146 9137 3518 8482 1729 4978 7745 1681
5812 5454 8304 4221 2657 4339 8770 5384 7212 4326
3178 9034 4775 8964 3068 2734 2997 7698 1366 6913
7763 2026 314 9231 5335 7962 5460 3687 2088 4096
6134 326 4634 2072 7961 1356 5756 7643 1132 6298
2427 2529 3173 1825 5456 2972 8540 6080 9109 5243
2450 345 5851 8614 990 3175 3306 38 966 3881
2885 4457 1766 9093 2189 9180 4367 7463 1653 5821
8586 4131 1129 7177 5568 332 2204 2043 2485 7889
2137 1304 7266 2181 8178 5897 7782 2303 3933 5572
699 4305 576 8337 3952 9013 2641 2244 476 3086
55 6112 2173 5509 30 360 1135 8498 5184 8310
6495 26 3368 4404 5141 202 4561 4782 3746 8373
657 625 3555 6016 1366 4675 930 5598 8293 5916
2626 1351 5701 19 6315 8920 6552 314 6718 6570
8585 8479 882 3527 1332 8341 392 2749 4018 541
9122 3851 6308 7475 7387 3383 4580 9138 3527 3644
2072 8731 3898 4297 1425 3537 4368 7599 3986 1465
6508 4301 7464 8465 1385 6223 3512 5754 9003 3434
3646 3727 2343 2827 4300 7165 8086 2857 9085 2876
4937 7698 3669 2594 1088 3272 4388 2974 4405 7365
8797 1559 8335 116 3858 156 5672 8942 883 5521
4812 476 3805 2383 3660 2723 6437 3656 3359 6718
57 3424 6233 7336 1244 8973 5491 6424 3457 4379
4888 1276 6719 7752 733 2022 2611 6761 3689 129
8811 2928 3092 7499 8554 5753 433 4194 7023 1863
6329 3450 503 2956 4229 3687 6727 5872 1574 652
6981 7208 4338 7755 3697 7342 5830 7583 1697 32
2301 7758 5472 23 3492 3459 5071 5542 1649 3879
7990 4783 4170 7676 7923 4889 7910 7434 7816 6749
1919 4013 302 2501 3959 7737 5915 5985 4213 8609
222 7671 3517 405 8556 8059 8110 2046 3575 4282
606 2629 8425 735 4298 5147 641 1780 1087 1091
6568 3146 6354 5701 1849 1212 1166 6945 7423 8596
5948 1006 8606 6977 1193 4689 1788 1614 1525 4617
4046 4602 140 6155 2113 2477 3685 2636 8697 6206
5783 1891 6314 7212 3146 4129 392 1428 2663 4712
7844 599 7162 3041 7826 1151 6423 7677 7690 7688
1862 5291 7132 4827 1256 5954 377 1375 2280 925
3852 3806 5607 6083 8860 3940 7784 8377 7238 3224
6159 546 1157 5816 1855 8551 4747 7391 541 792
3270 8107 7161 3314 7966 991 801 3240 4546 1318
6589 5400 1608 5238 5928 7273 4091 7247 3847 3162
6823 7293 2518 8455 5508 4118 8325 5423 779 2966
7403 6133 2825 5586 2760 1833 6469 5870 5713 2140
6950 2519 5284 5530 6826 4755 6477 4348 4183 4571
8808 3164 6274 6610 484 6606 8190 2171 1011 2519
7674 8022 4328 4289 3642 6479 2378 7446 7839 2483
2643 6153 7412 237 520 6676 8606 5050 6007 6113
3640 3689 8246 7507 3371 3141 4682 632 7862 2903
1024 6812 2119 8258 5688 1988 6075 2558 4777 363
6064 4689 672 3092 6919 926 2546 5935 5886 55
7112 6224 8039 5061 346 3586 7080 6987 7906 4519
1725 3127 3982 3825 4414 480 6848 7064 6720 5935
7796 5450 8374 8186 8445 3555 6479 4055 6006 4788
3324 3948 6318 3631 2319 1494 1457 945 1435 6995
8340 4296 8615 611 6359 7253 7737 1801 7488 7851
5824 2801 93 4984 8101 2682 3117 2738 6553 8721
7637 5914 5231 668 7395 2980 5425 5070 6769 1429
6815 4727 1497 1088 1469 5345 1677 1759 61 7724
2350 3820 3683 6544 952 5542 22 5843 1845 1666
5100 2119 3985 2510 3814 6122 690 4314 7252 6815
385 8289 3607 8339 748 7764 1266 4792 6058 5765
4766 2758 6379 5272 4825 254 8699 2652 3840 8594
7428 3583 7095 1639 6364 5563 4038 709 2375 3909
5164 3830 5554 265 5931 5634 5809 5539 3761 7974
3487 5262 4288 629 6611 4443 1108 2056 7695 7892
3360 185 8613 5930 1945 4503 6815 4954 1849 5892
2641 2646 922 3406 2337 5719 5381 5481 1390 3637
2078 7061 1488 3096 6431 1753 398 3943 2205 3802
3582 8186 142 4200 3682 646 7219 6483 3139 6008
2295 979 8074 7933 1272 6891 5075 3177 8081 7333
7747 4225 4727 1762 7803 349 8244 5046 2296 5493
5146 4893 6751 5104 8376 1602 5234 6453 8332 378
3662 1922 8095 155 6199 1602 3356 4899 2505 7715
3487 6937 4948 3024 2671 3745 7312 6610 3119 2570
6236 487 59 4018 3753 2402 4498 8054 8230 267
436 1465 4401 4084 1196 3152 3303 7348 2386 7532
3973 7877 4264 5485 4363 1733 6678 2480 589 8150
2895 4800 6293 3638 5664 6881 5368 1262 5731 6964
278 2747 6444 3849 4568 6968 4509 6532 6310 62
720 7414 6441 8147 597 5931 5820 7089 8181 7677
3511 4307 4744 8280 1646 8401 3004 4504 4839 569
3108 2507 7357 6417 1465 2269 2342 7793 4820 2434
4525 2128 5309 575 3497 5499 73 2917 5842 8483
6015 5605 1816 3462 3264 2850 1352 4275 1905 4209
1139 1554 7039 8152 5196 634 5189 6148 8123 8157
7901 3432 2223 270 3726 4690 2818 2397 3764 3037
1280 3584 5604 8060 4245 1929 5054 7874 173 2427
1387 2761 246 943 266 8195 6414 2456 5659 1906
3806 5609 6971 8331 4707 4535 2025 6310 1084 8292
4102 4586 2692 4447 5259 2020 8378 3588 5153 781
8199 2543 2432 8030 7626 5678 2973 1233 7243 4923
3671 4237 1685 7459 7345 6607 7274 3956 4973 2973
6323 6457 1058 3310 4881 1911 2230 273 1431 6757
4978 2574 2479 5291 7139 3097 4331 6733 8362 2758
5248 5035 1381 2878 893 8210 1306 2767 458 4035
7149 4184 6570 1300 6879 5795 2026 6330 7904 6210
2348 746 5065 53 5138 4601 6307 755 5390 1295
6945 8261 7302 385 2435 7348 7913 2303 6335 5822
6374 5641 7942 7309 2928 2805 1290 6622 66 6907
2948 6195 4588 7637 4772 2990 1772 557 5350 5660
4973 4207 699 7097 5277 4230 5332 7603 860 1567
6123 2722 1191 46 58 6892 7762 1111 4768 7286
7093 7156 8000 3031 6158 3467 7728 5373 3577 1514
2961 1373 3380 8251 2325 6271 7917 1019 1438 1897
6121 681 3758 5366 27 440 5008 1990 3889 2604
4324 2569 2117 5223 1428 7955 2384 5847 482 6512
8118 5262 5477 5509 6844 5032 7727 6879 1802 4244
368 5617 6708 7377 810 8186 1636 2944 2841 564
8156 8176 1568 1400 6341 2670 8038 1726 7508 4861
3619 6829 444 7105 4148 1611 2900 4391 2107 4479
4620 5730 4755 536 7645 1364 3643 5476 4229 6759
5536 4324 1764 2082 2774 5247 7828 237 8060 4944
6173 6257 6417 1107 3009 643 2438 2729 1957 1908
7467 6711 859 6947 8012 6944 6082 6405 4740 7516
3008 5299 4508 359 293 5191 4998 8150 6110 3535
2613 7558 3228 1912 6232 7472 336 7266 5324 3087
1057 6236 574 7919 3863 7886 5144 7023 6286 6511
3739 4132 7173 5754 1512 655 921 2297 3871 7261
1917 292 1936 6663 729 4324 528 323 6467 4318
2282 39 6004 129 7918 901 5168 5209 4061 2248
1763 1439 1480 488 6755 7855 1919 6203 4884 3952
2997 758 5976 2056 3692 3094 7312 1524 4282 5014
3446 4894 3728 1345 6997 1542 1304 2241 403 2668
1581 7901 7308 5357 7150 5081 7441 6829 7276 4448
5711 5848 2799 69 7959 3175 1699 3498 16 4317
3160 5237 5174 4062 837 2441 6282 4067 7446 7532
53 7514 7970 2415 3830 2792 327 843 1872 6409
6356 5402 4575 7494 1891 1147 188 4156 4501 2586
7023 7665 1309 7639 2569 6964 3422 6035 5242 3153
5931 6804 4170 6077 1786 399 318 5541 489 4438
5998 4907 5270 6532 2399 4999 6000 2508 3886 1791
1866 5870 5085 1432 5077 1362 4344 3183 3381 5770
2381 692 7912 7345 5028 6459 3107 5813 2676 7151
7549 7212 4172 3144 6279 1674 4668 5607 3188 6621
724 7927 211 1194 6545 7805 2908 135 3818 763
276 1516 7813 3236 3242 7411 3462 5457 5607 7300
1109 2085 4812 5322 2791 7361 3420 3964 6421 2388
3420 2006 5061 5443 7598 4221 15 7237 3782 7905
7126 4134 4806 7505 5392 6544 7584 7879 3275 3660
5127 2909 2117 6589 5281 5894 5046 5114 6190 4890
1840 7212 7417 5114 7463 5490 1837 2812 2690 6980
4746 6554 3672 5199 4153 2762 6720 3235 1150 7853
2330 7233 2103 7512 4372 2531 1295 480 260 6449
566 166 3984 7846 7103 7456 1660 1069 6611 692
4122 7289 3554 4207 856 5699 1226 3213 359 4205
3140 2005 7253 7491 1313 2404 7235 999 6245 6076
6242 5892 2694 5599 4606 6507 1044 1089 6600 2964
7077 6332 4355 4435 6461 1494 387 5515 6534 1585
2674 5084 2144 2216 7051 1115 7088 4045 775 3680
1955 5301 4231 745 3306 4991 4225 4347 2723 3706
1545 6316 5627 5813 2157 1195 4401 1742 4885 1291
6079 7119 1126 4471 4823 2764 7703 0 6411 3672
5885 3426 2123 900 4116 2693 6211 410 5803 3514
5712 177 3894 3755 2165 6008 722 5780 3078 1839
6659 5611 4228 3936 6583 6017 5949 3150 5958 6709
2319 7627 541 2135 1235 2019 934 2801 6994 2903
2064 972 5438 488 5980 4287 2436 2061 4126 5383
3295 7346 761 2190 204 3703 6709 5358 2508 5632
3637 1141 6002 2413 1036 5448 4568 5289 2599 722
597 2422 6979 2323 6057 908 6252 3169 2254 55
2970 5416 7441 3253 2855 6781 7005 7477 913 6873
1797 132 7284 6073 771 2720 4518 5047 5138 11
5352 67 6409 4855 7688 4558 5018 734 229 6751
6964 7308 6144 853 3177 2287 6153 2832 5167 3952
2276 4179 6476 2391 4220 7597 3840 1354 1760 7419
4525 4 2619 4381 6420 4968 5417 2306 3888 4908
6968 5289 2867 6977 419 134 943 5870 2406 4790
3029 4069 5183 2659 39 2752 669 3357 3347 1913
5342 3505 1763 3483 3670 792 5695 3621 2945 2207
3092 2750 7071 7402 5774 2077 7273 4775 4759 7193
5876 2832 1813 5611 1634 3301 4413 380 3344 1926
149 3187 5247 822 5030 3097 7245 7066 5903 6331
5472 3813 2373 1807 3945 861 2695 6675 4974 2062
5468 384 3099 6024 2641 6940 572 3223 3612 6732
7433 1124 4530 2161 6310 4430 3973 5666 2888 233
2947 517 5502 2989 5883 2418 2034 1571 6641 814
4995 204 7273 2998 4952 4085 7106 2639 2569 5530
1587 184 1836 2878 3896 220 6143 1117 5842 406
175 3514 1317 5699 3361 7144 7000 3569 2693 5633
6471 2360 1089 2153 3493 2870 958 7128 1599 3395
3495 7382 6316 3432 4709 7241 1666 3947 3790 2478
6737 4764 5023 4956 1524 6007 113 261 6141 5492
3120 477 6734 708 3673 1503 632 4097 4157 5758
7273 7242 2381 437 3791 305 558 3763 2940 188
4485 4596 2888 787 427 4584 5063 7235 6507 3257
5066 1684 5795 6989 3011 2416 5195 599 3748 2355
4946 6726 3444 62 1984 5035 6758 4492 3957 6348
728 2623 3937 3092 2623 1986 371 4481 6809 3127
1836 1613 4211 6605 2281 4845 3629 1229 6250 4744
3410 5678 2493 6401 3666 1967 1852 3667 360 34
5557 5335 3872 5491 1081 6395 2563 6039 2877 3330
3504 2541 2127 5204 3290 7003 5446 5192 61 2263
1121 2672 5084 5163 145 677 4635 2702 3705 3587
5004 3183 2665 5061 4857 6554 1675 4386 4638 3981
2565 2881 3792 3061 6239 690 510 4988 2297 7222
5039 4359 5965 5463 3205 6532 1186 1424 2503 4881
4115 2083 4822 440 4670 6375 1201 41 4136 4068
7249 6978 2310 6990 3075 6563 2806 6613 928 5021
248 6202 5008 1437 5701 5400 258 1984 6173 4575
4951 5543 6486 4477 3394 4502 1275 6538 4829 3725
6215 1236 3601 4116 268 5914 6444 3251 4912 943
6143 6569 7040 7271 7152 6684 4561 4188 6435 2424
6323 3291 6869 3678 3941 7258 2087 537 1195 3036
5723 233 6260 2279 4836 776 1771 6758 3242 473
6856 2738 4503 1869 165 6495 6495 1694 5208 4055
2444 1886 4654 5732 6339 1989 5420 1978 2181 786
950 1812 5504 1334 587 660 645 374 1389 689
4899 92 59 4102 4564 4299 6586 6329 488 1104
4545 3181 5163 678 5671 785 6805 1667 625 6293
2817 1091 3470 2823 918 712 2777 360 6033 5150
3259 1103 4949 207 4919 5334 4925 5361 814 3694
3789 1161 4643 4621 912 3345 5861 3687 5329 4613
1791 2287 3836 2620 462 7115 4207 5338 4507 5705
1457 2940 5852 2348 773 6699 4074 4974 1580 629
6295 813 2532 2605 4707 4567 2827 511 1255 5740
1493 5937 19 2674 3668 1743 4944 5464 6545 3448
5993 4617 954 1726 1218 5266 5304 4029 255 3407
7019 2814 3309 1623 1102 969 3916 5566 4990 1789
6222 1018 2850 3388 6374 3178 1300 768 5837 8
3633 2305 6756 3518 3300 4677 2617 524 5058 4759
184 2354 5668 1555 4488 1992 724 2671 767 704
5740 2408 5134 1304 4040 6377 3579 2851 5789 5904
2982 6361 4273 337 4268 5927 4371 3112 4291 2272
6216 19 264 3959 6074 1381 3492 6203 2424 126
568 3471 4422 946 803 0 931 5665 5650 4198
583 643 1866 51 4084 321 5862 2791 2701 5762
3062 1038 6790 197 3896 3914 4724 132 188 3229
3798 2795 1674 4683 6637 2244 2333 2855 868 2278
2421 906 3681 6589 3424 757 6346 6596 4591 850
5969 3076 250 1694 823 6721 6532 4788 6412 1781
6878 6618 4992 642 6958 6063 6084 6704 5118 4460
3057 4485 2869 4469 1127 4545 5086 1741 4834 5016
79 6182 2744 2617 5952 5386 6204 30 5261 1893
6227 3294 4735 391 4801 1849 711 1374 5227 1365
643 2825 369 6546 3291 4667 1156 6761 2202 6401
991 1806 2507 6663 2045 310 6751 3700 5784 6693
5483 5589 3632 3580 6299 4518 2348 2227 545 3192
782 225 6443 3356 537 1708 3061 3773 188 4031
3968 4724 2649 3054 363 305 1901 5864 1076 4422
3415 3614 3123 1357 6150 1933 2189 1597 3399 1530
5816 6394 4537 5984 1255 4620 2101 3414 2158 5249
5767 3650 5323 6752 5647 4552 1289 6739 1879 3715
3737 6662 4928 323 6226 5180 5404 4583 4791 6493
5021 4473 1629 2076 2455 1844 4712 2425 4419 712
6459 2682 2730 4986 3752 5654 1899 3961 2796 4134
420 215 3810 3434 718 1774 298 4816 3575 2767
3833 4684 6134 3511 1634 706 674 4803 3969 4943
302 4514 4605 2007 1801 726 6018 1804 6133 2301
6355 3284 553 4254 6165 5139 4193 2535 4877 1050
1809 4135 520 5095 6614 5092 3669 294 4267 2845
803 5010 4893 3289 3852 537 1566 131 2452 1306
6519 200 3487 3926 3 5360 4675 4863 2026 5684
2109 424 2787 2100 5173 5581 1209 3082 3039 689
6242 2821 3980 2015 5044 45 1733 4368 2984 6083
3322 5402 5539 2414 4284 2572 2945 570 4464 1583
2258 2534 6684 3792 3763 5968 4962 810 2788 4682
4918 6222 5392 4348 3626 3931 2512 2111 2899 6411
1766 339 1550 3612 5952 3231 5461 3792 3691 1627
2093 349 2055 4600 1172 5463 4637 892 4524 2318
5744 4929 1366 1817 5443 5889 4736 4169 4421 3497
3771 4929 1384 4993 5419 4285 5187 5188 5788 1631
1410 4123 5563 6188 4637 1073 2397 2094 3845 6180
4307 3617 4901 5429 2099 878 3073 5526 851 5317
3683 5205 1783 6459 272 6188 5165 5374 5010 471
2287 652 3252 5534 1231 2536 3100 5574 4354 1608
749 3134 5357 744 2300 5186 1400 2573 4789 1968
2455 1722 2110 6529 3110 478 168 2239 6591 3318
5091 1205 5246 2813 6206 433 2509 3412 1049 5262
110 4771 6589 2942 1616 2311 431 596 2990 1669
3563 2016 5206 2844 5157 3542 682 1191 2452 3906
3714 1341 5259 1469 4671 3495 5527 4115 2053 5337
2624 3733 18 3313 4711 4682 1218 5924 5250 3247
3351 1780 1916 1199 3537 4957 2547 2757 5008 5204
731 4518 2098 2206 4665 4783 4879 6305 6477 1113
208 3702 5009 1928 5509 2295 2192 1521 4609 2758
1205 5482 5382 4163 5541 918 2105 3454 1400 5527
5653 1689 1935 582 6430 3310 381 3969 2101 1341
946 6251 3902 3714 1155 1621 4954 4566 4338 218
2032 1450 3574 5501 636 141 4517 1052 5646 6140
3489 6007 3207 5959 5872 920 2253 5471 5192 372
995 3107 263 4158 3659 5504 5221 1791 5446 217
1850 5175 1933 1147 6326 5462 3575 5593 2367 3926
6117 5166 1146 5420 4969 1265 5786 6015 1860 5572
188 2636 5163 4610 3218 436 5495 2340 4393 6165
926 4852 209 1795 2695 1552 4287 810 5072 108
3675 5479 3846 4547 1021 774 2770 4466 3202 5052
1325 3389 2071 4730 1013 3837 3791 1476 6291 1292
4136 677 5155 202 3759 913 5239 1571 2112 1513
1620 2431 1219 2532 114 3978 511 2726 5904 4783
5662 3528 3465 3047 2422 4469 3638 2064 4808 5484
3680 3483 854 5205 816 898 2725 3000 5921 3994
3939 1873 5386 1571 6376 3579 2061 4167 6308 3480
3703 2550 2489 4910 5385 3106 5907 3875 560 5640
1326 1891 3717 3542 2237 4089 5836 3835 6183 6093
3188 1508 3887 308 3572 145 3997 4129 5720 651
3337 5002 2478 950 743 2093 2748 3327 3459 1289
5663 4764 98 2853 2324 5898 5596 1590 3939 1637
3365 1422 2528 5646 2517 3394 4918 4536 3483 2992
879 4176 5200 3603 6160 4260 5250 2763 601 4538
5696 1187 3946 5012 748 745 3658 343 1876 5980
5994 755 1543 2936 3000 6086 3673 553 3323 5848
6080 6024 1408 218 2522 2835 3800 353 2468 3259
4661 3879 1167 3483 828 4102 1670 1707 2895 2500
6276 2164 4502 5263 535 4732 6260 1757 5027 5876
5535 1613 5311 1575 6217 5175 5904 5367 865 3504
6178 1060 1295 5438 644 1536 1517 2875 3174 5977
1539 2548 3361 4192 5413 4765 4402 4445 297 1136
5281 2801 872 2713 5402 5115 1337 803 698 2875
6131 6054 760 5571 3261 3719 3451 1390 4969 609
6153 3642 3994 1312 3912 4413 5052 94 1485 4164
3756 157 3628 573 5975 512 2739 3721 457 6054
4530 1324 3082 4392 5838 4783 891 3906 5126 5306
199 1737 3345 5918 3609 719 1042 1311 2357 2491
1325 1167 884 5496 260 4571 1108 4423 3165 2248
2816 3329 2446 4216 2145 5889 436 2622 6165 2685
3134 2349 1450 1803 5321 3484 5141 5212 5134 4258
1587 452 1874 1443 1480 572 6143 3162 3420 2258
2268 799 5006 463 134 2682 2143 1209 2871 5418
4516 2509 2976 5204 1100 742 5025 219 1212 5900
5637 1564 5778 3298 5518 2883 1384 3815 4432 4893
1234 2616 650 154 3799 3843 4117 4385 1457 521
1460 1007 2556 2455 3182 1666 5908 3249 6029 4617
1370 2386 4182 735 2622 2301 4193 212 3987 823
506 2552 5076 1394 2867 1793 2251 3461 620 5210
2836 2775 2122 5953 2996 717 1567 4369 998 5144
2804 1789 111 5733 3113 5982 4023 4787 5964 6036
1312 4969 3446 4091 1765 616 627 5998 5063 2768
4738 785 4399 1752 776 1091 3523 5774 4067 2450
5242 1716 5580 927 3002 590 3354 5897 651 3860
3741 859 2885 4836 342 772 3857 4533 2396 342
4465 321 2921 2887 3192 1296 5919 3701 3906 4857
2528 5531 2030 5992 5561 2027 4476 2315 2472 820
5865 3859 503 5187 1034 447 4435 4767 1799 3603
3171 991 4215 2228 4478 830 3351 3863 2015 1724
3646 531 561 1570 436 1356 1767 664 4641 972
1500 2421 5086 3374 791 681 2265 1456 4838 4533
5535 5324 433 2229 1580 1161 327 5637 3354 264
2780 3804 2614 3820 1512 3177 4504 1971 1961 2375
4631 2741 5631 5854 3300 877 4459 2538 1087 1104
3949 380 1307 4853 3167 1115 2092 4212 1055 5919
1323 5473 4532 4299 1973 1389 1936 2974 669 1916
4108 5452 2835 2375 5396 3133 946 3035 1199 1987
390 3811 1058 5844 2996 213 533 5879 346 5578
2142 1768 3870 2672 3128 1999 3112 5377 4817 3393
653 2815 1741 4167 1154 5661 5018 792 1527 2436
1325 5462 952 236 3082 2666 5133 1048 291 1185
3525 3533 2338 146 1168 5698 5287 2388 1904 943
4034 651 3135 4715 5132 3914 5297 3359 2595 5318
2445 5738 5751 1947 1939 5501 5148 3016 2759 1243
4087 5317 4968 2072 5316 4564 2376 2135 5239 5335
4884 1635 3443 586 1766 3410 5330 900 4531 3305
80 792 5319 4209 1233 1681 4560 10 752 2237
5609 3088 5297 1689 3575 4460 2438 2236 3335 1645
4304 170 4216 408 4120 911 2423 4208 3449 4535
2186 959 1104 2445 5604 5437 3458 4976 244 3367
1566 716 5157 2770 1141 4970 5522 5587 912 2999
1159 2724 149 3178 5201 2562 2345 694 4193 4745
1710 359 1910 2405 3001 1496 5303 5255 2069 236
3656 164 2832 4362 3247 4949 1670 4883 2609 4982
334 4770 1266 3776 4854 151 1052 1459 5661 5095
2103 1513 5222 370 1251 1757 128 5604 3927 1694
5250 1832 241 5046 46 2454 2127 4436 5074 5297
2037 5399 999 4666 2701 3729 1185 3914 5175 1145
3299 1784 4657 628 369 2124 898 4855 5609 5619
4913 1402 4628 2917 3439 129 508 2193 646 692
2466 1363 4378 3760 33 4264 276 4262 2889 2607
1930 5628 2148 3591 313 3793 1356 1597 2343 4542
841 4115 3124 5111 2445 375 420 2877 4353 4823
3591 1694 1324 5313 2139 4480 3936 452 718 4599
1090 546 371 1986 568 4729 4742 4026 2950 3010
4016 1291 3617 887 2542 4685 5433 1183 110 2285
3375 196 1162 620 694 822 2098 1747 3776 1600
1580 3490 2331 4124 3723 5235 4869 3632 1687 5436
835 5185 4295 2924 922 556 5182 1437 4673 332
1018 4905 1441 1431 1374 3731 1845 5157 4458 1457
1583 4777 3754 1454 4572 783 2068 3832 4388 2983
1783 2003 4318 169 389 5507 2389 1075 3002 2578
302 2587 1720 4214 4771 5535 3462 3862 1075 3694
2473 1948 2055 653 4699 4205 2126 26 4654 1500
1344 262 3334 3584 390 2293 549 3841 4634 4807
1656 3698 6 514 2253 4997 2484 3852 1989 5434
248 4900 4126 3522 1886 438 2612 851 1962 5383
751 182 5305 1476 2788 1815 831 3388 3871 3998
2629 4068 5434 304 791 3358 922 1358 5095 5251
3907 2920 4647 385 5442 3008 4103 4781 3400 5003
4906 1340 3880 1428 32 2005 91 4384 3169 996
3937 1813 1080 3385 1614 4198 2218 428 3728 1064
666 3587 3065 996 2285 4572 4209 1135 1354 4621
815 2845 2678 1429 3580 2058 4131 318 4100 2601
2570 5320 4640 1184 3627 2533 5062 3377 2659 811
122 2643 2109 2541 1617 4327 5042 2301 1017 4984
3940 1566 2985 2303 1162 1764 2922 3107 1597 2061
5035 4011 5150 4763 2006 1049 571 3015 3124 4762
4580 149 1185 4873 332 4944 4690 2156 2203 3077
2610 247 2331 1786 1319 844 5032 4092 251 4778
3087 1962 2074 3291 5058 4610 4778 3934 1591 4599
286 760 3715 2869 1808 612 2476 523 4793 2325
2003 3026 2692 5252 5110 2600 4733 1423 4104 73
3959 1014 1191 3325 5326 1516 5121 2138 1266 5015
3024 515 4085 4821 3549 4208 3547 2969 2391 3159
1925 4861 2508 2987 140 3483 2332 3805 4864 1102
1620 538 2145 4509 3686 2071 5085 773 2507 1375
3060 191 4280 1334 2580 522 4016 2879 2086 2760
1849 3707 1582 1678 3144 1630 4936 5206 4483 4742
2561 4403 1582 441 1414 1511 1591 5130 3182 826
2278 551 2712 4831 5081 5200 1576 1305 4299 1998
1245 2390 2600 2021 445 4333 744 1729 2190 1107
4029 4551 3157 4261 5056 263 1164 3154 969 4045
2846 4667 2861 2603 4209 3390 2324 3292 1466 1193
4108 308 4257 816 1237 4015 1079 558 887 1939
4412 2361 898 1345 823 5062 250 1207 1039 21
4094 2079 391 5111 2770 1639 4763 3094 1030 2309
4830 1083 857 1360 4471 1889 914 1108 1923 4153
3806 3992 650 74 1389 2540 5044 161 1708 4605
2316 1913 1331 1842 5050 3185 4253 1256 2316 4763
4 1086 1410 4039 3968 4930 2542 3773 1500 4184
3447 1041 4609 898 4099 3175 133 1630 4181 421
2034 3607 3649 3763 657 3843 3284 3777 2742 2731
1723 3829 1192 2795 900 2088 2388 2041 2954 2750
2866 1383 3867 3109 4194 4669 1286 559 3711 2499
1843 3050 2066 1960 1396 3863 4940 3 5087 4162
3654 4266 3038 3329 2140 843 362 2220 264 4402
2679 1557 4546 450 2251 3862 48 2195 3970 3794
3714 3830 2660 2327 3033 2213 3418 1043 3024 3962
2374 218 2945 4164 226 1091 4801 1153 704 476
1911 2995 1881 1064 5061 4315 262 3182 2240 3861
4412 3358 3217 3879 4709 2104 3644 2885 4493 1603
2060 697 3213 2151 960 2340 3552 1169 2928 1405
903 2966 1635 1786 3070 3682 4418 2255 4767 129
3301 1615 2878 3218 2510 4635 2008 217 2206 4900
3336 1738 3838 1179 4252 3181 1032 1575 854 660
3875 1710 4801 4663 468 1338 790 3996 4202 3407
1799 2742 1345 109 4824 4730 446 3069 4976 859
1163 1342 1418 2546 1545 2977 3491 4310 2205 14
1960 94 4493 1701 4708 2673 3332 4303 4287 336
1871 4375 3460 1551 2314 4860 720 4951 3464 2514
3198 2808 658 199 2195 1011 1724 1002 2153 2034
1822 4633 2564 234 1500 1704 265 1989 3332 4749
2923 1421 4326 4386 4048 2362 937 4814 2078 3563
4848 987 4892 4321 3033 2818 4776 2493 210 3272
3276 2681 4800 1694 185 4089 1400 2799 2746 1263
1768 42 2155 564 1936 1381 119 433 3693 372
1031 3535 211 2456 2199 3193 894 336 2681 4083
3900 1558 3260 1261 4743 859 1367 2572 4058 4091
2320 3266 3263 4608 693 320 4695 2881 3212 4626
3411 4555 267 2434 1178 1236 726 875 1630 3513
2606 2678 3585 2121 4601 237 36 1310 21 4160
1922 116 199 3485 4251 4078 2012 72 2678 2586
3938 3542 1034 4116 1104 2995 835 288 1940 3474
2186 2118 48 1552 1315 1981 1433 2278 2882 3973
3151 223 3890 1204 113 4081 1806 3061 788 2747
1377 3048 2513 950 2625 3632 4311 4344 2512 1684
3054 524 3147 1399 3226 3328 779 3480 2705 1157
3915 4215 4626 1254 4108 3219 600 2217 400 788
3591 2901 4282 3247 183 2767 3659 2557 1353 2639
1110 3676 714 1912 1859 4412 3432 3844 3134 3450
3998 880 58 4608 2462 3817 2709 2152 4628 2632
2279 3086 819 3162 2068 2474 635 2661 3802 4267
2904 1804 3381 4049 686 1357 917 3674 4636 4665
1494 1287 1686 877 1700 998 3923 929 1410 3418
55 1479 2651 4285 3234 3483 259 4694 2532 3693
2629 4633 2272 1833 1503 2283 2005 4107 2852 2831
1737 2352 3555 3481 785 1409 1540 1770 2850 4091
2093 1095 1984 1205 100 4139 1278 4529 242 45
1231 479 1756 3895 3667 1826 985 1797 2254 3965
4608 1797 3840 982 821 1613 944 2024 611 1826
533 1065 92 1228 1914 2084 4035 298 2095 426
3466 2168 2324 4552 2950 1612 3780 2126 608 916
4465 3799 307 1182 955 2369 1702 499 2409 1776
1777 2189 4514 4026 2004 1656 2621 1885 1298 3335
2608 4115 3135 2910 4173 3444 1835 4403 1337 4000
3920 3127 3537 3441 4093 859 865 4279 3650 2922
216 3369 1761 4540 1442 2793 1761 489 2025 1297
433 3534 3355 4228 3366 3823 987 3511 3935 2818
517 3564 1709 242 4374 2314 2552 2432 1126 4543
2731 1907 743 1832 2714 935 3633 4146 236 2938
2787 675 4191 142 3145 2991 29 4234 3742 4460
2280 474 3777 3599 1569 2918 4211 2142 4154 3668
3370 1320 3476 2624 3550 382 1047 4213 1036 1105
421 3279 2288 3916 4033 3900 554 766 1797 3695
442 2120 4380 896 4068 2156 1034 108 1219 3881
2772 1396 105 4110 3216 3388 2767 4287 1942 79
235 4172 3552 4202 2789 3025 505 3999 1449 4254
744 1442 3316 1481 1630 3267 4096 648 4369 676
1189 3629 3057 3082 2897 47 935 4100 4367 2018
1456 559 1078 88 296 4289 2322 2096 1962 2774
1892 2656 1430 2690 1572 2665 647 418 3357 2931
285 4313 2834 3826 2852 3059 2263 4157 3346 2594
3878 1335 3230 3956 2011 628 1336 574 3622 436
4420 4369 2987 1217 3547 3730 3003 1185 3091 2378
249 1556 2285 3219 3238 2096 378 3673 6 396
370 62 3882 1649 3802 2704 4096 722 564 3274
729 725 4287 4201 247 1169 1816 1169 4222 1454
4089 4156 2323 817 1482 2607 937 1593 1962 2536
4154 635 2362 2698 150 1668 803 1427 2326 1791
159 2356 2008 627 297 1562 4321 4258 1713 2638
1341 352 3265 1170 430 1198 2039 3423 356 929
2372 457 3912 3234 125 4340 336 1362 3391 2813
4193 2489 2830 941 1102 2245 3062 278 3500 3942
2453 2630 863 2524 3741 3285 2756 451 2996 3344
1728 1425 299 2560 1957 803 3194 4222 3003 3402
929 352 995 126 912 2452 1888 500 1850 1618
3351 548 39 1312 1289 2322 2120 1189 4148 3316
2861 32 1250 940 2989 1552 1588 1788 3644 899
1421 1851 1738 891 2013 693 1553 2486 2131 1185
1374 4050 113 270 1231 1758 1978 2834 1843 3497
2808 2714 2241 220 1866 1374 326 3605 600 1834
1779 220 4185 3204 2466 1479 2263 2544 977 1449
581 1212 1217 3021 3918 116 2386 706 2005 1050
1554 3012 4186 312 3522 769 794 2556 122 2157
2928 387 2377 3098 63 2812 534 514 688 3058
2911 1292 1890 1050 1667 2444 3272 1688 1340 1721
4105 3016 3168 1617 1939 2810 2389 60 1434 545
2027 2260 3703 2910 1473 3210 3570 2289 193 2103
2139 1585 3866 1939 3166 904 125 2035 1942 3955
3387 1613 794 2525 252 2297 3583 2572 1912 3593
1527 324 2470 989 3732 283 1624 3285 1021 1920
2422 266 96 1220 3393 4054 3878 3764 2959 961
3356 2698 1673 2390 1253 3670 3332 1230 3448 3930
47 308 3701 3552 167 1015 2713 695 3557 3322
3464 3355 1026 2961 1798 2962 3161 3964 2006 1947
1275 4063 3810 2042 3947 3466 138 3236 3198 1615
2601 1871 1924 799 867 2304 2908 2786 1415 1807
1854 894 51 3498 2392 2294 3498 67 1170 3301
830 689 2921 475 445 258 2389 921 943 3552
295 984 2881 2139 484 1833 2688 3262 2582 1231
1541 1503 83 1354 1086 2343 775 865 209 2135
2617 3980 2226 3146 1359 1188 708 3589 2922 1177
357 2740 3962 896 3867 2303 3744 2072 3571 1614
2070 2280 582 3242 3765 3148 417 717 241 3236
2753 817 1647 3606 253 105 870 521 3098 1733
3899 147 3098 3449 1128 1416 3965 1001 2899 2003
3819 1186 3271 2708 3797 3639 2141 3401 290 2946
329 2715 2884 2831 2384 3858 599 3727 921 1157
3374 1595 23 813 1219 645 171 288 1146 1248
178 3680 1531 1347 3722 3482 2712 1559 2893 2910
3906 206 3931 3914 3635 2902 2499 2894 1545 3450
2651 956 1586 3829 539 1207 2321 3878 3312 1509
1840 323 994 359 1825 2165 143 2376 3552 1806
2227 922 1829 2079 212 2379 193 551 1600 59
3735 3322 1788 2359 3542 363 3049 484 2659 3332
2693 2815 543 316 410 1446 1830 3087 1332 1323
87 3756 1186 1765 2149 3092 2477 1579 1011 3058
3491 3261 1156 2395 2691 2365 1437 2935 3193 2568
1479 2059 1611 505 2732 2015 2122 2547 585 504
2159 593 1432 125 770 3668 3262 1078 2237 3012
153 256 2278 3307 1375 2111 813 3583 3383 3399
108 3486 3631 1534 2084 3482 898 871 2161 246
737 2792 3004 3362 581 3427 229 3454 2939 1071
2439 1313 1372 939 2349 2523 33 3813 1373 1359
2784 2247 949 390 2467 3504 2522 971 3406 619
879 2474 196 3410 758 1375 389 103 700 2597
2925 3094 1535 1700 914 775 2633 2214 865 365
1972 3724 630 2214 3274 1934 374 1012 3542 2433
1513 3570 2896 1842 2622 2317 1159 1433 2538 1771
2095 301 134 2330 1551 1512 722 2610 2165 2601
2787 2826 827 2933 3271 2673 664 2030 2855 225
1933 2101 3381 3326 1021 1091 1649 1606 2933 3560
2996 942 1161 1053 1229 3560 602 2013 1844 1977
2853 2091 3440 1846 2126 3536 2321 1957 1185 1358
2278 397 24 574 1122 2279 3334 69 3297 1049
1001 297 2350 3394 2351 2967 787 875 299 664
2914 1432 1422 1317 58 3114 1983 2819 1946 1077
3560 609 2844 307 2656 1943 2512 1122 17 3016
1122 349 2872 1246 1168 2884 18 1939 884 1199
553 1873 3020 915 1830 2890 2686 56 3177 551
3324 625 3380 80 263 11 2901 2507 1499 767
1407 2239 2084 1416 949 2228 2621 2320 2151 1516
1108 2197 3633 2396 2034 946 1662 1 1012 1434
2375 390 2078 2299 3542 548 1423 373 2866 794
1031 92 356 3547 572 1893 2168 1280 488 2
151 2320 271 538 1463 3160 3068 2030 159 1682
1673 1663 509 464 613 3084 2138 3447 2452 2259
2228 2397 442 527 544 1952 2802 877 98 629
2479 3089 636 3178 13 2315 894 1627 471 2871
1423 457 3243 1320 499 1036 3026 123 1415 2514
2410 3349 678 2698 1046 75 2012 2700 1895 1741
3016 2023 1838 167 2221 2923 2005 985 2458 2138
469 1677 2884 1776 3065 1606 1126 2377 3280 3162
846 3418 2047 2128 787 489 2880 3355 1901 939
1325 1708 1125 2690 3088 3296 1304 2652 1555 349
184 3165 3497 268 1601 3220 2486 3139 2478 1584
1876 874 1561 569 1522 1765 2302 1830 2500 1875
547 927 2923 506 1166 552 596 508 2898 2676
2870 2196 2177 981 322 1763 2026 1993 1126 1474
2056 1987 845 1074 1376 3131 18 3167 2352 2915
1612 3286 955 1253 806 1201 1148 2153 1922 3210
90 1917 457 3138 199 3237 1240 3261 3356 1369
2989 2203 31 1535 3257 2592 251 989 2697 3270
2871 606 2481 1630 2709 3314 83 2741 3320 2381
1570 2159 184 2511 1541 199 3046 2215 3090 3116
2713 517 932 2966 2112 17 2669 806 3038 1634
3225 1425 2886 757 1798 3009 2071 31 1235 1343
464 339 589 1523 1077 396 2629 2077 614 1774
811 1586 2655 2547 1436 736 2446 2602 2155 2513
2594 2890 706 1535 1010 2884 167 970 2797 1189
2164 146 2214 2433 1985 659 2874 1827 1018 1877
3075 2207 966 2176 1585 2195 2406 1339 2819 660
2206 2009 1443 1093 2616 1844 2399 1910 99 1529
1158 1154 1021 3255 2906 3118 649 2553 2229 2202
86 2339 3035 1154 3143 1833 711 112 3281 2373
1482 1991 2146 2557 2089 3033 2314 1331 3074 3262
641 491 610 162 1319 2904 534 662 82 894
2460 1513 919 998 855 1845 139 827 1567 1885
2702 232 1118 2664 249 257 2927 2846 2557 2149
2245 906 1948 1416 439 3236 1376 1887 449 3039
3256 2442 1698 2095 2068 19 634 1082 2956 2933
3041 1097 2515 3023 3058 2575 302 2357 2519 2378
2812 1948 2955 1230 696 2314 643 3181 2778 3169
708 284 1956 3006 2496 769 972 110 1666 1503
3109 3203 2351 2264 2020 2069 2543 1743 2947 1609
2129 1867 1543 374 2788 2463 2269 387 2767 1771
2946 2008 1285 2171 2394 505 2584 3018 507 2295
2832 556 2056 2793 849 298 908 1097 877 609
2247 2944 2817 2521 1994 2911 1650 1369 1742 695
2435 1746 395 1430 137 2389 1819 2309 1846 836
383 772 1083 2527 100 2723 2272 2572 1660 1116
1146 3113 285 2398 844 1021 1236 1187 2926 107
1935 219 712 610 522 140 1601 2967 1146 1230
2311 930 981 1539 2510 2864 670 1508 1346 1831
96 2248 3082 671 3064 189 722 1420 1578 563
1295 2618 287 1661 439 69 1425 2861 582 410
951 2619 2591 670 470 974 1427 2227 1316 1886
487 2367 446 1806 1816 726 930 1798 1594 1137
1227 402 1161 936 132 1645 3009 2584 114 1806
2403 2116 2862 865 543 2527 204 2631 1067 2788
2056 333 1341 1342 1100 939 2093 2736 2220 1914
1356 238 279 1427 1935 1932 2734 925 1774 1880
874 1158 2891 425 2058 1417 190 1533 2839 2453
338 1129 199 2659 1199 2281 2626 1163 949 966
1719 2468 820 2466 2759 616 1677 1245 1568 2473
1243 274 2053 2446 1273 2761 1133 2692 1038 233
1384 392 1641 2395 2930 394 811 365 2475 445
552 1856 1408 2180 1358 1295 2982 798 2490 365
183 455 1501 2678 306 236 20 1930 1150 1548
1096 965 1483 187 1462 935 2177 1692 1093 1520
241 1068 1084 402 1432 1315 2269 405 456 185
1315 2529 200 2148 548 2184 1226 2123 807 249
63 700 1445 528 2208 1743 2049 585 248 2779
973 1862 1390 2153 728 2614 113 922 977 599
956 1011 2840 1810 759 1459 1100 242 2800 1262
2145 1086 2520 1649 2112 2345 471 1323 2061 1889
2167 687 459 1506 1365 2109 632 1480 1590 2591
2070 1281 1354 1837 2286 427 2002 1424 568 820
2432 1007 1343 1854 2312 259 738 2093 1536 695
2335 1732 1688 2129 811 309 1210 2773 306 299
929 495 2809 2272 1622 1247 864 777 2438 1785
2622 1260 474 2595 1571 1065 1279 2550 1971 2682
409 870 909 2749 87 1562 63 2189 2636 1812
2545 532 2553 1604 602 215 2653 180 834 1455
2268 868 1379 582 1216 959 172 1642 717 2316
2700 24 1280 405 2590 934 381 1613 1789 1509
1322 2421 2186 2530 2777 4 1497 70 808 2048
586 836 1848 2220 2688 1479 498 21 2453 1134
1167 1474 1390 139 2274 324 660 879 766 111
780 353 758 398 543 2439 2381 1019 1566 592
308 2371 2320 2299 1782 1846 1372 1575 790 1349
1946 937 2164 909 436 959 1924 2342 2493 2531
1980 2187 741 2472 1280 1799 425 2223 2394 2082
2562 605 2034 2262 376 623 2319 1322 347 553
1992 1359 2660 348 1206 1391 797 879 2564 1158
1989 2233 323 1585 1515 2078 126 450 2311 2225
1284 524 2447 539 2478 2204 2415 1458 102 846
1884 2386 1181 2179 1306 864 17 573 541 1522
393 663 1537 2164 346 153 595 225 2480 1551
789 1290 1688 1386 2466 269 925 2648 1747 2365
2032 2472 743 1544 1912 1414 2453 1654 323 2577
796 2393 2452 698 1481 1532 1678 1745 385 1227
64 2082 876 110 94 222 791 1930 20 356
2184 1518 1494 85 597 1481 1843 185 1722 2133
577 717 2341 63 1710 1578 2268 2059 1780 321
1954 981 1930 992 2405 843 889 2434 1703 2233
89 2332 1516 1781 586 603 2479 341 947 425
2066 675 1105 1863 1020 64 2576 161 836 2399
1309 1456 1053 869 2453 1567 810 1701 1901 1224
1538 920 294 1852 1264 1844 1482 238 234 1779
532 1273 936 1715 965 210 203 1663 1598 2338
1380 300 1325 2384 1048 477 867 2526 2473 2527
142 1711 291 2493 1090 1370 1971 38 1719 930
147 2385 2371 928 1583 1180 575 1417 404 1317
2314 700 607 89 1348 1536 1362 2103 411 696
1135 915 2318 320 1884 260 994 2437 2221 108
1062 2172 376 1582 2017 1605 2216 2450 297 1686
887 174 821 2182 2271 2023 1287 1584 1785 667
105 1420 110 50 1155 1057 1673 1759 110 1136
1938 2263 2003 1912 1402 31 130 77 1424 634
351 19 2272 1982 403 724 2425 176 1515 1397
12 293 1865 184 1182 843 1788 207 1639 1042
2395 1416 1491 1245 2197 608 726 1733 1576 180
2232 375 250 2312 1935 4 1052 4 2321 1541
680 29 896 660 1764 2116 1237 1237 943 1907
1803 496 716 949 735 1879 1143 1099 2303 1359
222 1760 970 1386 1940 1297 1236 301 536 2367
512 1682 566 652 1175 941 2355 48 2031 34
106 2362 561 1947 876 604 1566 801 176 495
496 2311 2313 1882 2341 42 2323 1603 2311 181
304 1122 1715 1442 774 1101 107 822 2048 1630
1853 381 238 2034 1862 2166 1036 2028 1239 1722
443 160 581 1363 1704 665 2313 2190 84 1066
2247 1710 58 1146 993 2168 2049 2177 570 811
295 91 81 354 1443 538 727 1743 391 562
2304 636 563 1634 1506 2045 1445 1587 149 1286
1136 538 1013 2163 359 2237 1445 1338 2203 1709
1056 890 307 750 1676 433 2159 263 143 76
391 1687 2111 1314 1126 842 1597 556 1371 1318
2053 1732 1652 736 1692 323 1053 1703 2154 164
596 1355 136 1241 954 323 1478 737 774 1863
1946 1751 304 1725 841 1035 1534 116 238 1732
856 212 339 1801 1149 2187 1299 594 134 1801
400 31 571 399 519 107 1462 1418 1625 1578
1953 1468 939 1886 188 844 157 1480 1339 250
1608 418 917 1294 1097 45 43 560 1299 290
1466 1490 1402 2060 1494 1442 1225 224 340 242
1549 1606 711 1254 1259 1506 1312 1274 1156 1617
1437 1075 997 1670 2091 1779 674 561 1629 1306
395 2059 419 667 478 1332 1924 552 350 760
1339 353 1326 1224 1097 759 310 309 1575 767
33 1754 1156 734 1394 448 1537 1144 15 1022
1888 944 1228 1851 630 230 164 937 1569 1691
1249 379 1580 46 1002 1099 1673 389 1985 1463
1012 676 2086 1170 1426 2018 829 942 1477 1036
581 1280 1300 700 577 477 1629 1315 776 1798
757 584 2025 714 1478 799 515 632 185 2054
354 20 1190 135 1926 758 39 89 950 1782
1953 2031 960 1004 421 1296 222 283 350 1029
879 1433 482 1528 389 1882 1152 301 954 588
101 1141 1039 704 141 1270 39 1522 1476 55
1083 363 808 665 214 894 2000 1403 907 1618
818 1975 1 2028 805 1591 1329 780 455 1747
309 396 208 122 23 1829 803 1345 996 919
39 199 1931 1575 1716 176 858 228 1066 274
1924 484 1752 1710 1645 397 1871 461 1619 131
1996 1117 1046 668 175 1715 376 595 1394 411
870 1108 211 1864 723 1545 1276 309 1708 1130
895 1175 872 927 1360 1653 1687 895 810 1725
1859 1559 1540 874 1413 123 1274 1672 1188 1896
1555 1521 634 8 1757 68 513 1577 902 1831
1931 1686 1222 455 487 427 366 1154 860 886
571 565 1889 616 1232 735 607 1914 1533 644
1458 455 56 1807 172 607 1535 1211 1170 971
1609 598 432 381 1200 1901 90 921 577 768
175 1164 1407 863 1611 1387 1035 19 625 101
1701 1373 1559 326 1062 1861 1178 664 594 117
298 1022 677 96 1060 1864 800 1230 866 526
152 458 147 1248 1087 1531 972 927 1276 1068
1454 508 1417 314 912 630 1735 880 422 7
638 489 271 482 1188 30 0 889 1762 1327
1002 1190 1192 1172 1300 1030 534 1349 1422 1703
410 1702 1424 1462 1683 1039 1757 1500 982 146
423 284 1455 909 1195 1076 1261 587 981 65
1816 588 1062 833 1265 950 406 632 567 1042
1473 176 751 927 1383 303 1019 348 270 1607
499 1040 90 1196 588 1303 1728 95 32 228
579 1288 834 1645 369 1341 1508 331 1021 949
1091 1220 509 1632 1758 410 673 621 1142 926
232 1353 1291 1263 1741 1538 131 235 986 388
1596 717 750 761 460 1034 1544 99 1355 1486
996 371 1476 1582 866 432 514 279 1565 6
1564 1457 380 1729 230 1403 1581 703 1322 245
1061 268 991 703 442 495 1260 539 872 1009
43 49 686 506 1290 982 582 372 721 27
837 947 256 121 1546 1599 1166 1516 527 770
517 1087 1315 1343 989 809 1171 1128 56 357
322 602 828 1609 1539 1318 1436 634 1264 832
1634 143 571 1069 282 887 333 1064 69 24
1370 660 59 964 1514 452 1481 1364 57 849
995 538 1591 892 928 1633 390 1019 215 1377
585 790 440 808 136 929 1548 1181 700 1094
271 1587 102 1131 246 834 1630 1553 1075 1218
226 58 386 1246 675 1451 782 945 586 53
1499 364 1280 49 846 791 1247 864 1107 758
192 1185 461 1541 1198 501 531 1290 944 1326
864 1174 976 39 968 114 1298 936 585 1128
552 1568 718 494 901 848 1192 826 792 752
1310 142 1559 933 348 1291 780 1134 1213 186
1046 202 1041 1271 1296 1397 186 317 117 1290
831 398 371 1103 1449 391 1549 1047 668 328
431 579 227 112 335 955 867 877 817 174
1243 1454 243 716 1015 280 1374 789 401 702
1511 785 1191 913 780 844 1488 1146 1058 567
1372 31 689 1414 514 1457 882 449 145 551
1207 616 1172 789 752 630 1465 1127 596 601
758 123 623 1212 1122 154 957 188 984 1199
1227 609 1023 1479 1050 1185 1243 432 1219 538
471 700 1421 103 842 1008 892 320 805 1281
990 1414 856 1435 445 11 1341 906 204 339
449 299 142 1054 267 65 1010 429 747 140
584 747 303 921 398 178 94 550 1435 431
1082 361 1142 520 31 526 424 1327 863 561
718 754 470 896 845 119 353 550 404 1410
354 916 505 656 1407 1393 334 272 256 927
458 1098 694 1114 1208 954 530 467 684 1123
468 1103 613 460 141 786 820 46 21 453
1329 819 1317 944 1199 1343 21 360 673 1001
479 819 538 567 1361 1355 989 1333 51 413
1303 508 769 828 973 1107 296 442 307 792
1315 738 370 639 49 481 422 1247 571 932
630 60 294 1140 271 1232 1174 64 5 663
256 588 1330 380 418 413 618 51 1093 640
678 48 323 53 1322 24 882 463 1117 1091
550 694 949 590 1160 76 570 91 197 805
1195 113 767 600 825 1187 1295 271 175 987
986 1016 1052 1075 558 137 1163 149 1225 1223
1117 1255 314 484 234 697 935 1268 345 351
1005 990 1157 608 639 529 1078 797 379 304
228 1154 499 246 14 526 310 133 976 520
1044 745 854 727 520 1077 556 767 855 236
1158 188 1186 149 653 120 1215 1127 857 680
413 295 191 295 939 795 380 366 885 768
488 975 1039 993 722 1198 277 1215 212 572
14 147 882 1182 927 875 565 470 1126 392
1175 609 821 643 1195 950 210 958 400 394
856 1158 656 1179 595 401 1155 30 284 649
1026 785 579 970 1103 1099 781 1067 942 135
906 852 98 277 669 343 884 482 396 773
550 69 360 133 591 945 740 188 413 671
837 31 496 860 867 360 725 311 232 354
688 874 954 579 485 410 360 138 693 974
837 29 337 212 33 994 535 323 711 459
749 95 169 47 436 290 249 1102 813 346
226 303 884 496 54 832 45 15 19 706
1041 647 414 256 676 597 451 509 663 997
885 653 102 191 825 334 222 882 296 750
115 404 795 669 525 626 782 567 793 966
459 841 350 10 152 544 260 307 400 636
719 434 349 158 259 70 1058 625 819 110
717 164 48 602 654 576 26 441 125 498
301 962 268 1023 31 495 538 503 794 10
531 638 973 857 901 361 485 711 71 816
302 461 611 228 417 440 315 725 387 638
955 711 987 404 548 904 278 769 917 540
849 121 1004 941 764 291 444 803 789 117
212 349 292 147 728 772 678 921 885 469
620 198 193 442 774 689 360 619 734 676
54 718 313 523 212 102 762 422 261 914
715 408 399 150 796 905 541 606 456 512
466 519 221 78 416 752 944 784 749 88
166 292 920 138 54 404 775 558 621 409
886 15 311 191 489 568 924 746 870 909
428 857 232 908 488 75 82 580 196 572
11 659 172 757 676 337 714 545 331 209
525 144 450 129 608 108 901 265 550 809
471 32 484 103 870 848 98 888 488 857
620 38 105 792 493 452 614 93 525 716
444 428 285 141 584 173 77 809 23 293
626 605 456 471 482 313 486 355 528 820
364 50 372 41 117 686 315 343 629 686
626 129 777 181 537 38 271 513 126 263
419 826 234 728 1 506 640 551 704 537
207 709 152 10 57 704 591 470 350 636
439 16 42 490 350 660 595 339 594 414
375 319 492 517 664 560 59 548 452 306
232 34 343 249 17 83 100 430 212 209
778 764 550 241 162 419 77 487 715 690
23 604 417 253 81 72 68 420 14 67
0 444 20 258 741 410 346 226 142 689
266 582 180 639 297 97 687 466 615 359
407 12 296 724 703 680 677 374 546 255
647 409 578 199 478 145 340 590 630 276
51 318 628 265 265 582 13 168 510 317
246 629 416 504 316 26 469 508 236 517
41 562 125 154 626 397 11 141 115 597
214 573 612 645 96 183 659 35 552 201
162 431 602 488 478 50 243 393 223 394
168 200 64 511 139 405 641 109 382 287
466 648 194 258 470 520 120 609 529 653
556 274 593 542 464 383 623 513 29 153
527 559 331 551 392 458 578 323 436 140
547 129 508 233 562 366 24 489 375 339
212 327 445 572 338 555 568 16 33 487
25 299 301 200 93 260 390 156 104 212
8 138 480 349 46 375 205 386 283 486
246 47 112 356 90 177 152 142 368 120
499 380 575 147 21 29 100 393 354 450
547 306 427 145 74 458 537 454 227 394
426 335 179 334 74 221 317 533 79 5
551 431 126 398 529 204 462 461 502 174
64 277 442 167 126 368 141 402 499 143
297 357 132 70 487 196 265 404 417 80
13 286 425 336 426 55 237 316 319 315
468 127 148 272 238 326 501 258 426 271
357 260 29 411 402 232 389 482 82 133
402 400 190 179 211 149 380 186 35 145
358 13 459 135 65 123 338 131 117 184
296 27 364 200 245 290 293 226 407 0
445 361 5 374 340 178 338 433 291 270
167 156 217 300 20 89 310 231 296 273
338 96 430 377 40 177 72 134 326 47
240 437 269 422 385 302 3 172 277 268
307 82 350 262 160 80 408 227 330 16
310 56 2 191 328 192 312 74 364 356
172 384 162 365 385 377 396 52 279 180
137 265 2 371 267 356 308 96 50 232
191 4 41 323 294 101 373 40 216 274
171 32 48 317 1 260 215 284 284 205
40 305 97 123 159 314 294 216 179 37
87 20 173 12 118 192 14 284 92 50
134 196 102 149 20 93 259 105 330 214
120 84 282 262 275 57 225 17 94 73
133 299 28 76 177 249 50 131 216 230
143 250 134 48 182 89 58 271 149 132
79 107 194 2 199 27 69 149 81 49
254 256 82 145 17 142 204 233 243 145
219 260 57 164 68 195 276 107 190 204
203 116 249 213 83 88 110 129 262 19
248 98 176 234 65 103 37 218 106 4
128 133 172 250 236 92 244 170 136 231
78 58 9 89 82 224 205 27 85 83
54 146 41 185 192 217 67 221 219 61
205 2 141 193 192 100 190 98 78 96
124 153 40 125 27 150 67 169 95 81
61 136 13 178 101 57 190 51 38 181
73 125 144 169 42 98 6 51 28 55
179 121 179 111 48 83 42 23 25 142
152 103 132 168 104 149 14 119 3 74
104 146 99 3 97 47 57 29 127 42
48 153 28 147 127 134 130 108 138 82
58 85 19 13 84 105 12 36 26 116
89 131 97 68 114 34 71 70 118 114
125 90 113 46 116 27 46 121 48 61
98 57 18 19 28 95 109 80 3 51
50 86 55 9 11 47 36 0 40 93
2 4 38 71 15 17 28 30 10 29
15 0 74 10 53 67 0 18 13 43
63 63 49 40 44 52 39 53 22 67
6 31 14 54 4 31 41 42 40 51
16 21 44 27 38 48 15 48 28 35
30 5 30 30 19 22 41 1 31 26
38 21 4 10 27 10 16 25 5 20
10 9 17 21 3 7 5 17 11 12
17 0 7 7 11 7 2 11 4 8
4 4 4 4 4 1 2 0 0 0
